all_data = [ 
4 0.000000 0.000000 1.570796 0.010760 0.033639 -0.010760 -0.033639 -0.027490 -0.150000 0.150000 -0.150000; 
5 -0.000001 0.000838 1.570796 0.010845 0.033794 -0.010845 -0.032956 -0.027507 -0.150000 0.150000 -0.150000; 
6 -0.001395 0.043111 1.570796 0.006707 0.032143 -0.008102 0.010969 -0.013267 0.150000 0.150000 -0.150000; 
7 -0.005464 0.085192 1.570796 -0.017786 0.003340 0.012322 0.081852 0.009483 0.150000 -0.150000 0.150000; 
8 -0.012100 0.126483 1.570796 -0.044376 -0.005589 0.032276 0.132072 -0.041820 0.150000 -0.150000 -0.150000; 
9 -0.021392 0.167630 1.570796 -0.050158 0.021360 0.028765 0.146270 -0.149878 0.150000 -0.150000 -0.150000; 
10 -0.033227 0.208042 1.570796 -0.031532 0.032052 -0.001695 0.175989 -0.119936 0.150000 -0.150000 -0.150000; 
11 -0.047526 0.247549 1.570796 -0.012258 0.062548 -0.035268 0.185001 -0.152122 0.150000 0.150000 -0.150000; 
12 -0.064201 0.285996 1.570796 -0.009193 0.092334 -0.055008 0.193661 -0.074963 0.150000 0.150000 -0.150000; 
13 -0.082948 0.322871 1.570796 -0.019950 0.112166 -0.062998 0.210705 -0.015389 0.150000 0.150000 -0.150000; 
14 -0.104028 0.358780 1.570796 -0.047526 0.146420 -0.056502 0.212360 0.044208 0.150000 0.150000 0.150000; 
15 -0.127141 0.393225 1.570796 -0.070129 0.169137 -0.057012 0.224088 0.039328 0.150000 0.150000 0.150000; 
16 -0.152155 0.426100 1.570796 -0.092765 0.199384 -0.059391 0.226717 0.024981 0.150000 0.150000 0.150000; 
17 -0.178932 0.457313 1.570796 -0.107146 0.222058 -0.071786 0.235255 0.015179 0.150000 0.150000 0.150000; 
18 -0.207040 0.486501 1.570796 -0.128241 0.251216 -0.078799 0.235285 0.004802 0.150000 0.150000 0.150000; 
19 -0.236898 0.514186 1.570796 -0.143350 0.274315 -0.093548 0.239871 -0.009475 0.150000 0.150000 -0.150000; 
20 -0.268087 0.540018 1.570796 -0.167206 0.306271 -0.100881 0.233746 0.010766 0.150000 0.150000 0.150000; 
21 -0.300463 0.563961 1.570796 -0.187936 0.324193 -0.112527 0.239767 0.003570 0.150000 0.150000 0.150000; 
22 -0.333882 0.585992 1.570796 -0.212820 0.350661 -0.121062 0.235331 -0.003239 0.150000 0.150000 -0.150000; 
23 -0.367862 0.605912 1.570796 -0.229924 0.369099 -0.137939 0.236813 0.018759 0.150000 0.150000 0.150000; 
24 -0.402948 0.624120 1.570796 -0.256230 0.399725 -0.146718 0.224395 0.028746 0.150000 0.150000 0.150000; 
25 -0.438319 0.640269 1.570796 -0.273887 0.425439 -0.164431 0.214830 0.009585 0.150000 0.150000 0.150000; 
26 -0.474197 0.654567 1.570796 -0.294026 0.457253 -0.180171 0.197314 -0.013337 0.150000 0.150000 -0.150000; 
27 -0.510470 0.667043 1.570796 -0.312763 0.476606 -0.197707 0.190438 -0.002304 0.150000 0.150000 -0.150000; 
28 -0.547031 0.677735 1.570796 -0.341307 0.509259 -0.205725 0.168476 0.033499 0.150000 0.150000 0.150000; 
29 -0.583781 0.686683 1.570796 -0.366655 0.530525 -0.217126 0.156159 0.022994 0.150000 0.150000 0.150000; 
30 -0.620626 0.693936 1.570796 -0.390464 0.559774 -0.230162 0.134161 0.004050 0.150000 0.150000 0.150000; 
31 -0.657482 0.699545 1.570796 -0.406438 0.582663 -0.251044 0.116881 -0.007664 0.150000 0.150000 -0.150000; 
32 -0.694272 0.703565 1.570796 -0.430631 0.614231 -0.263641 0.089334 0.011897 0.150000 0.150000 0.150000; 
33 -0.730925 0.706055 1.570796 -0.451799 0.633016 -0.279125 0.073038 0.005533 0.150000 0.150000 0.150000; 
34 -0.767377 0.707074 1.570796 -0.476340 0.659765 -0.291037 0.047309 -0.002817 0.150000 0.150000 -0.150000; 
35 -0.803573 0.706684 1.570796 -0.494131 0.679071 -0.309442 0.027613 0.019429 0.150000 0.150000 0.150000; 
36 -0.839462 0.704947 1.570796 -0.520254 0.709620 -0.319209 -0.004674 0.027710 -0.150000 0.150000 0.150000; 
37 -0.875001 0.701925 1.570796 -0.545232 0.725496 -0.329770 -0.023570 -0.036200 -0.150000 0.150000 -0.150000; 
38 -0.910152 0.697681 1.570796 -0.559281 0.725909 -0.350871 -0.028229 -0.042559 -0.150000 0.150000 -0.150000; 
39 -0.944882 0.692275 1.570796 -0.592968 0.693073 -0.351914 -0.000798 -0.043871 0.150000 0.150000 -0.150000; 
40 -0.979165 0.685769 1.570796 -0.632831 0.674633 -0.346334 0.011136 -0.038151 0.150000 0.150000 -0.150000; 
41 -1.012978 0.678221 1.570796 -0.660380 0.677548 -0.352598 0.000673 0.017903 -0.150000 0.150000 0.150000; 
42 -1.046303 0.669689 1.570796 -0.686120 0.684821 -0.360183 -0.015133 0.053489 -0.150000 0.150000 0.150000; 
43 -1.079127 0.660229 1.570796 -0.709230 0.660451 -0.369897 -0.000222 0.019675 -0.150000 0.150000 0.150000; 
44 -1.111439 0.649895 1.570796 -0.726200 0.635369 -0.385239 0.014525 -0.014851 0.150000 0.150000 -0.150000; 
45 -1.143233 0.638739 1.570796 -0.747065 0.600963 -0.396169 0.037776 0.013749 0.150000 0.150000 0.150000; 
46 -1.174506 0.626811 1.570796 -0.781336 0.599442 -0.393170 0.027370 0.005098 0.150000 0.150000 0.150000; 
47 -1.205256 0.614160 1.570796 -0.796062 0.618044 -0.409194 -0.003884 -0.043835 0.150000 0.150000 -0.150000; 
48 -1.235486 0.600831 1.570796 -0.819210 0.650242 -0.416276 -0.049410 -0.026939 -0.150000 0.150000 -0.150000; 
49 -1.265200 0.586868 1.570796 -0.848630 0.658837 -0.416570 -0.071968 -0.045661 -0.150000 0.150000 -0.150000; 
50 -1.294403 0.572313 1.570796 -0.870075 0.658995 -0.424329 -0.086683 -0.005151 -0.150000 0.150000 -0.150000; 
51 -1.323105 0.557204 1.570796 -0.907637 0.626147 -0.415468 -0.068943 0.002114 -0.150000 0.150000 0.150000; 
52 -1.351313 0.541580 1.570796 -0.940948 0.591751 -0.410365 -0.050171 -0.010242 -0.150000 0.150000 -0.150000; 
53 -1.379039 0.525476 1.570796 -0.973063 0.552639 -0.405976 -0.027163 0.003710 -0.150000 0.150000 0.150000; 
54 -1.406296 0.508925 1.570796 -1.003869 0.519113 -0.402427 -0.010188 -0.015382 -0.150000 0.150000 -0.150000; 
55 -1.433096 0.491960 1.570796 -1.034681 0.480736 -0.398415 0.011223 -0.002098 0.150000 0.150000 -0.150000; 
56 -1.459453 0.474609 1.570796 -1.073083 0.465917 -0.386370 0.008692 -0.004450 0.150000 0.150000 -0.150000; 
57 -1.485383 0.456901 1.570796 -1.099995 0.471874 -0.385388 -0.014972 0.048288 -0.150000 0.150000 0.150000; 
58 -1.510901 0.438863 1.570796 -1.123908 0.481368 -0.386993 -0.042504 0.080943 -0.150000 0.150000 0.150000; 
59 -1.536023 0.420520 1.570796 -1.147808 0.456482 -0.388215 -0.035962 0.042758 -0.150000 0.150000 0.150000; 
60 -1.560765 0.401894 1.570796 -1.165782 0.431341 -0.394983 -0.029446 0.009979 -0.150000 0.150000 0.150000; 
61 -1.585146 0.383009 1.570796 -1.190948 0.390267 -0.394198 -0.007259 -0.026493 0.150000 0.150000 -0.150000; 
62 -1.609182 0.363884 1.570796 -1.223105 0.372719 -0.386077 -0.008835 -0.034461 0.150000 0.150000 -0.150000; 
63 -1.632890 0.344539 1.570796 -1.245344 0.373873 -0.387546 -0.029334 0.026234 -0.150000 0.150000 0.150000; 
64 -1.656290 0.324992 1.570796 -1.269321 0.380388 -0.386968 -0.055396 0.076970 -0.150000 0.150000 0.150000; 
65 -1.679398 0.305262 1.570796 -1.289951 0.355178 -0.389447 -0.049917 0.047086 -0.150000 0.150000 0.150000; 
66 -1.702233 0.285363 1.570796 -1.307672 0.331835 -0.394561 -0.046472 0.023660 -0.150000 0.150000 0.150000; 
67 -1.724813 0.265312 1.570796 -1.332427 0.290955 -0.392386 -0.025643 -0.013385 -0.150000 0.150000 -0.150000; 
68 -1.747157 0.245122 1.570796 -1.356997 0.260112 -0.390160 -0.014990 0.006394 -0.150000 0.150000 0.150000; 
69 -1.769283 0.224807 1.570796 -1.385265 0.215815 -0.384018 0.008992 -0.004741 0.150000 0.150000 -0.150000; 
70 -1.791210 0.204381 1.570796 -1.422805 0.197188 -0.368404 0.007193 -0.004610 0.150000 0.150000 -0.150000; 
71 -1.812955 0.183856 1.570796 -1.445449 0.197599 -0.367506 -0.013743 0.053307 -0.150000 0.150000 0.150000; 
72 -1.834538 0.163242 1.570796 -1.470378 0.203776 -0.364160 -0.040534 0.110687 -0.150000 0.150000 0.150000; 
73 -1.855977 0.142552 1.570796 -1.489978 0.180150 -0.365999 -0.037598 0.084020 -0.150000 0.150000 0.150000; 
74 -1.877290 0.121797 1.570796 -1.508572 0.158405 -0.368718 -0.036609 0.063721 -0.150000 0.150000 0.150000; 
75 -1.898496 0.100986 1.570796 -1.534430 0.118635 -0.364066 -0.017650 0.028262 -0.150000 0.150000 0.150000; 
76 -1.919613 0.080129 1.570796 -1.558833 0.086462 -0.360780 -0.006333 0.009617 -0.150000 0.150000 0.150000; 
